$ auto-generated by simple_matlab_lblrun. work dir: djabry_20130424_105441 
 HI=1 F4=1 CN=1 AE=0 EM=1 SC=2 FI=0 PL=0 TS=0 AM=1 MG 0 LA=0 OD=0 XS=0   00   00
   175.000  1025.000
   300.506     1.000     0.000     0.000
    0    2   30    1    1    6    1 0  0     0.000   100.000   600.000
    15.078     0.140   180.000
     0.140     0.505     1.000     1.500     2.000     2.500     3.000     3.500
     4.000     4.500     5.000     5.500     6.000     6.500     7.000     7.500
     8.000     8.500     9.000     9.500    10.000    10.500    11.000    11.500
    12.002    12.518    13.062    13.658    14.322    15.078
   30 points in the user defined profile
     0.140   994.307   300.506     AA L AAAAAA                                 
 1.98918884e+04 3.85000000e+02 2.90685818e-02 3.20012578e-01 1.49297854e-01 1.70006536e+00
     0.505   954.096   297.399     AA L AAAAAA                                 
 1.07601605e+04 3.85000000e+02 3.00760650e-02 3.20018217e-01 1.47472537e-01 1.70009740e+00
     1.000   901.559   294.289     AA L AAAAAA                                 
 8.88674237e+03 3.85000000e+02 3.14395607e-02 3.20094834e-01 1.45036834e-01 1.70050285e+00
     1.500   850.869   291.555     AA L AAAAAA                                 
 7.52618594e+03 3.85000000e+02 3.24541486e-02 3.20107017e-01 1.42486477e-01 1.70056998e+00
     2.000   802.548   288.954     AA L AAAAAA                                 
 6.39301467e+03 3.85000000e+02 3.34045353e-02 3.20112794e-01 1.39955979e-01 1.70059910e+00
     2.500   756.539   286.498     AA L AAAAAA                                 
 5.39135908e+03 3.85000000e+02 3.42248818e-02 3.20065113e-01 1.37417326e-01 1.70034695e+00
     3.000   712.763   283.969     AA L AAAAAA                                 
 7.98274453e+03 3.85000000e+02 3.49910490e-02 3.20192981e-01 1.35064108e-01 1.70102576e+00
     3.500   671.123   281.276     AA L AAAAAA                                 
 9.78061805e+03 3.85000000e+02 3.53364784e-02 3.20123928e-01 1.33096932e-01 1.70065899e+00
     4.000   631.519   278.461     AA L AAAAAA                                 
 8.34337754e+03 3.85000000e+02 3.57142657e-02 3.20152278e-01 1.31439390e-01 1.70081006e+00
     4.500   593.865   275.605     AA L AAAAAA                                 
 7.09246518e+03 3.85000000e+02 3.66454978e-02 3.20200950e-01 1.30833324e-01 1.70106749e+00
     5.000   558.088   272.850     AA L AAAAAA                                 
 5.86731542e+03 3.85000000e+02 3.76964861e-02 3.20231741e-01 1.30358685e-01 1.70123088e+00
     5.500   524.128   270.203     AA L AAAAAA                                 
 4.74016154e+03 3.85000000e+02 3.87907152e-02 3.20246980e-01 1.29651142e-01 1.70131205e+00
     6.000   491.913   267.475     AA L AAAAAA                                 
 3.71372356e+03 3.85000000e+02 3.99178555e-02 3.20257134e-01 1.28742872e-01 1.70130305e+00
     6.500   461.364   264.686     AA L AAAAAA                                 
 2.90016899e+03 3.85000000e+02 4.10658840e-02 3.20204561e-01 1.26824720e-01 1.70058760e+00
     7.000   432.404   262.807     AA L AAAAAA                                 
 2.19201932e+03 3.85000000e+02 4.22473288e-02 3.20158424e-01 1.24629993e-01 1.69978212e+00
     7.500   404.957   260.763     AA L AAAAAA                                 
 1.62866930e+03 3.85000000e+02 4.34820639e-02 3.20248867e-01 1.21672013e-01 1.69932454e+00
     8.000   378.943   258.507     AA L AAAAAA                                 
 1.20456371e+03 3.85000000e+02 4.49068833e-02 3.20299083e-01 1.18431007e-01 1.69862959e+00
     8.500   354.286   255.082     AA L AAAAAA                                 
 8.85953766e+02 3.85000000e+02 4.73372025e-02 3.20049190e-01 1.13994116e-01 1.69658940e+00
     9.000   330.917   251.476     AA L AAAAAA                                 
 6.37579893e+02 3.85000000e+02 5.00261767e-02 3.19673730e-01 1.09418904e-01 1.69403454e+00
     9.500   308.772   246.686     AA L AAAAAA                                 
 4.55863077e+02 3.85000000e+02 5.29585671e-02 3.18950086e-01 1.04508968e-01 1.69032559e+00
    10.000   287.789   241.729     AA L AAAAAA                                 
 3.25661875e+02 3.85000000e+02 5.61503510e-02 3.18006065e-01 9.96565617e-02 1.68618999e+00
    10.500   267.913   236.650     AA L AAAAAA                                 
 2.33727085e+02 3.85000000e+02 6.08671816e-02 3.16197408e-01 9.46064431e-02 1.68131176e+00
    11.000   249.097   232.506     AA L AAAAAA                                 
 1.62309970e+02 3.85000000e+02 6.61671114e-02 3.14187542e-01 8.95648879e-02 1.67599746e+00
    11.500   231.295   228.278     AA L AAAAAA                                 
 1.13349238e+02 3.85000000e+02 7.19317983e-02 3.11977538e-01 8.37978253e-02 1.66971784e+00
    12.002   214.385   223.992     AA L AAAAAA                                 
 7.68421180e+01 3.85000000e+02 7.82537335e-02 3.09695376e-01 7.78925747e-02 1.66287587e+00
    12.518   198.035   219.605     AA L AAAAAA                                 
 5.07081772e+01 3.85000000e+02 8.55101931e-02 3.07303183e-01 7.04506817e-02 1.65447098e+00
    13.062   181.771   214.980     AA L AAAAAA                                 
 3.18734332e+01 3.85000000e+02 9.34323687e-02 3.04726694e-01 6.28453303e-02 1.64501698e+00
    13.658   165.187   210.008     AA L AAAAAA                                 
 1.90375419e+01 3.85000000e+02 1.00749272e-01 3.01835963e-01 5.46605318e-02 1.63389327e+00
    14.322   148.040   204.636     AA L AAAAAA                                 
 1.05245600e+01 3.85000000e+02 1.11304473e-01 2.98391684e-01 4.66194510e-02 1.62064508e+00
    15.078   130.278   199.036     AA L AAAAAA                                 
 5.38787044e+00 3.85000000e+02 1.26680370e-01 2.94075287e-01 3.88026542e-02 1.60451942e+00
     1.000   200.000  1000.000    1                       12    1    1   50
     1.000   200.000  1000.000    0                       12    1    1   51
-1
%
